wells<-c(0, 8, 16, 24, 32, 40, "R46", "R46", "R46", "M89", "M89", "M89", "M41", "M41", "M41", "D55", "D55", "D55", "D56", "D56", "D56", "X42", "X42", "X42", "T62", "T62", "T62", "T59", "T59", "T59", "D58", "D58", "D58", "R50", "R50", "R50", "R42", "R42", "R42", "R48", "R48", "R48", "T56", "T56", "T56", "X44", "X44", "X44", "R47", "R47", "R47", "N45", "N45", "N45", "N44", "N44", "N44", "X43", "X43", "X43", "M47", "M47", "M47", "T58", "T58", "T58", "N46", "N46", "N46", "T61", "T61", "T61", "D59", "D59", "D59", "POS", "POS", "POS", "BCKGRD", "BCKGRD", "BCKGRD")